0
84
3
87
198
92
8
106
191
108
0
99
12
95
196
105
11
102
6
91
9
96
197
93
194
103
4
86
199
114
195
106
178
103
197
88
2
92
13
98
199
109
193
104
5
83
156
72
153
69
149
73
144
69
151
72
146
69
152
68
147
37
145
73
142
74
159
76
141
69
154
49
122
8
100
1
93
12
101
2
117
197
112
194
107
192
101
179
105
1
89
13
91
3
102
198
97
12
94
195
104
167
102
9
84
4
81
195
110
178
108
8
98
11
96
174
106
197
79
199
103
8
88
13
90
191
105
178
98
4
92
193
114
178
102
24
98
195
89
6
121
51
129
70
151
50
130
66
147
39
97
26
142
61
19
101
10
97
165
94
0
123
70
133
54
127
71
150
42
96
27
141
62
18
98
188
106
176
111
191
100
178
107
7
120
52
155
48
184
51
149
76
34
81
21
100
17
105
189
74
139
69
143
60
20
103
190
71
132
64
157
88
4
122
1
98
38
146
31
67
145
32
140
63
126
56
109
178
112
3
85
2
90
12
92
40
148
74
19
72
128
52
185
46
153
84
161
98
197
91
163
103
180
99
195
102
193
73
30
146
47
110
174
108
187
60
118
4
77
198
116
61
108
10
94
178
104
0
115
53
184
37
88
22
97
15
102
0
109
170
93
39
183
50
134
65
28
144
36
72
143
35
75
160
99
3
72
131
55
23
69
125
13
127
9
87
41
149
85
7
101
197
85
10
126
68
142
50
186
36
65
149
33
96
17
59
124
71
138
67
113
195
108
192
91
166
103
174
114
52
132
48
143
45
95
8
97
5
90
0
92
167
100
13
56
22
80
192
105
165
100
196
82
131
65
119
178
116
7
87
12
57
21
133
49
24
84
42
184
76
154
54
99
178
111
197
64
37
71
122
194
74
18
94
3
81
160
86
152
49
156
87
5
109
50
19
58
129
16
101
189
88
138
22
47
154
92
186
61
127
89
3
107
62
146
196
65
128
8
86
145
29
69
120
90
167
97
3
186
30
65
184
103
91
36
80
161
82
158
85
134
24
184
5
81
191
2
106
180
96
0
88
6
105
174
101
166
104
56
111
12
124
93
11
45
9
94
191
76
6
183
47
70
43
108
97
169
89
137
156
141
33
184
54
31
144
155
82
39
63
19
66
139
87
121
199
187
95
164
105
181
65
112
174
109
31
72
195
78
189
4
185
38
86
104
122
84
195
119
56
136
157
73
19
79
193
0
81
148
138
152
131
17
54
24
43
94
102
57
184
71
140
24
100
0
86
6
99
190
3
88
118
0
95
109
66
115
195
92
158
72
137
68
182
107
198
90
8
84
106
59
29
111
89
154
74
107
15
127
43
61
22
134
158
77
97
195
66
17
61
26
46
72
183
9
81
123
42
28
187
51
177
113
144
67
129
153
70
76
44
184
40
62
123
52
125
6
153
145
63
111
126
14
0
106
98
166
93
86
168
91
5
92
14
54
47
122
94
167
88
12
3
92
199
108
33
56
189
70
125
64
144
139
23
46
59
191
107
93
75
189
33
68
118
103
18
132
150
196
109
183
61
67
143
27
45
100
174
102
76
151
84
6
87
162
103
85
132
126
88
10
124
117
109
91
159
138
25
65
107
53
57
30
7
197
191
72
130
56
19
46
112
82
157
140
67
74
153
148
68
50
184
7
95
100
2
86
91
8
188
5
105
9
89
119
37
41
19
24
75
105
100
179
103
165
92
6
96
159
82
167
103
93
38
112
145
124
134
72
57
61
110
90
4
193
53
50
44
109
106
83
116
0
184
60
108
51
192
14
183
188
73
159
153
93
97
171
91
11
7
117
69
121
145
69
111
147
141
136
160
78
83
197
194
63
108
85
193
74
70
128
13
2
6
119
123
3
0
197
94
84
154
142
71
32
110
114
131
20
14
196
148
144
116
91
105
85
163
89
93
163
82
2
94
11
43
41
61
192
189
47
33
30
26
17
58
110
49
21
62
179
98
94
110
193
107
103
100
15
59
108
68
150
152
72
64
61
50
75
64
70
120
38
34
184
86
83
109
38
63
47
43
185
193
8
89
86
111
57
53
186
184
13
197
193
38
188
186
12
14
193
189
32
114
117
120
123
93
91
7
3
80
76
74
70
130
125
71
153
137
149
199
80
114
66
111
62
77
54
56
59
102
176
180
101
178
8
121
128
126
8
93
100
97
94
91
160
145
141
155
157
135
138
141
144
147
150
84
111
107
87
103
106
177
