0
169
4
174
8
182
16
185
398
197
11
181
17
192
393
186
397
213
382
215
395
191
24
212
13
207
8
185
21
180
398
212
383
208
7
199
0
190
19
195
8
176
399
228
396
214
391
193
23
179
12
173
9
205
386
217
390
187
396
182
10
204
387
188
20
203
12
176
16
196
354
208
3
212
7
186
29
190
396
226
389
215
392
191
18
169
7
206
384
217
382
209
353
197
15
202
3
234
395
194
22
184
9
208
393
216
387
160
310
140
305
138
299
143
305
137
300
148
318
150
299
139
293
144
288
137
306
148
287
145
291
135
294
138
302
143
289
136
306
142
282
145
318
153
381
218
2
177
24
183
399
170
13
198
8
162
391
229
395
200
4
203
388
187
21
202
355
207
385
217
383
200
356
205
6
187
29
198
399
215
353
212
396
195
356
212
0
179
15
174
24
178
8
168
19
206
334
208
399
159
396
231
390
197
31
202
37
206
355
213
393
235
8
192
357
199
396
223
387
199
12
182
1
189
19
181
22
186
327
189
10
175
24
173
5
210
346
208
379
201
2
243
17
195
48
281
146
314
143
295
137
303
142
259
102
309
141
265
144
285
138
290
62
292
74
294
129
256
143
279
148
294
79
292
140
266
104
254
111
259
97
297
138
287
56
283
138
304
128
295
73
293
136
307
96
243
7
177
11
210
1
166
13
181
397
196
38
201
356
204
334
209
348
203
394
193
356
197
8
238
395
184
385
224
393
182
4
191
358
198
331
181
24
176
21
191
15
185
386
208
355
218
396
183
387
231
3
186
12
171
312
145
284
63
289
134
267
102
242
97
306
103
241
7
203
14
172
24
188
389
222
353
210
378
203
356
206
393
230
98
256
109
369
100
311
108
265
115
253
143
258
114
220
353
208
12
193
399
213
353
217
397
158
39
124
289
55
197
21
182
18
177
74
183
7
227
387
186
10
180
24
185
328
207
334
197
375
208
41
163
10
198
5
204
393
243
140
286
58
133
301
144
298
78
196
47
198
393
221
353
214
398
154
380
193
49
276
141
260
96
367
102
247
12
168
16
173
75
291
61
132
255
112
221
388
213
4
211
345
215
383
182
72
296
91
307
143
251
125
38
146
289
139
254
26
176
6
193
19
183
13
196
25
250
105
240
15
208
331
200
1
246
119
35
203
353
224
4
245
122
40
211
353
206
1
178
17
167
48
189
390
205
334
199
356
202
8
188
357
194
81
186
0
216
353
219
123
313
102
371
107
257
100
372
120
286
151
64
281
135
287
126
37
147
280
57
138
306
135
296
139
240
8
172
76
290
123
244
391
190
7
194
374
101
256
118
39
145
385
232
392
225
352
223
104
305
94
368
110
263
142
386
229
121
370
103
314
177
13
158
388
191
52
274
109
310
99
268
129
223
353
218
63
152
320
194
29
181
8
210
355
205
43
162
309
106
238
124
44
200
385
214
394
183
3
196
357
190
74
174
12
188
399
204
49
181
35
127
283
94
295
66
141
252
116
40
209
10
236
396
205
380
215
334
203
16
180
84
369
93
257
33
193
359
187
17
216
391
183
10
169
397
202
334
210
390
237
129
290
144
61
129
218
345
213
22
179
9
196
6
245
104
368
85
282
114
46
201
382
220
122
52
198
356
208
26
182
23
251
102
255
18
175
70
164
78
171
1
217
125
243
399
192
34
205
376
199
339
187
53
169
305
139
267
143
65
283
149
278
47
112
245
390
157
379
148
36
118
248
7
253
110
270
140
67
294
95
261
140
304
172
50
275
133
235
119
374
82
294
70
369
78
185
35
122
291
91
366
97
308
137
284
54
192
386
222
111
367
89
300
138
280
49
188
334
212
346
203
30
259
106
366
114
249
143
381
214
15
182
340
209
355
211
387
172
396
216
333
213
115
41
176
19
244
83
373
206
391
156
320
149
378
77
371
92
290
163
301
173
25
199
37
190
22
174
393
146
59
285
123
227
353
205
398
229
352
231
120
241
14
194
389
161
320
154
61
214
111
246
103
355
204
7
198
384
225
127
390
177
10
191
73
137
234
11
258
99
228
122
38
133
315
181
75
374
240
126
226
391
185
334
193
28
252
95
370
88
286
136
298
166
311
140
253
100
299
131
59
207
382
152
38
117
262
91
302
177
15
165
316
144
278
173
20
170
6
236
104
239
5
189
398
161
79
368
101
312
116
63
187
9
200
334
211
2
198
16
201
334
195
360
186
18
90
193
341
205
325
173
82
137
292
146
306
167
77
375
74
380
202
56
277
46
285
134
34
198
80
367
105
268
47
190
334
178
395
220
130
60
145
264
109
63
128
224
390
228
394
160
3
248
379
212
34
179
19
185
4
199
347
211
395
133
42
114
270
39
93
191
30
210
339
183
17
189
318
162
4
195
10
147
384
183
327
209
70
150
377
100
244
9
237
107
43
92
227
399
132
236
118
366
121
55
222
131
278
164
393
201
359
196
383
263
36
208
389
246
19
198
334
196
356
190
393
156
83
193
16
252
130
216
386
202
12
190
317
147
304
182
316
152
302
171
19
87
372
76
180
5
143
255
27
110
48
98
368
115
244
398
173
49
287
167
323
200
22
170
313
272
140
277
174
10
193
57
288
125
35
129
366
110
225
353
207
392
180
60
372
215
10
178
77
219
20
184
73
381
105
53
285
162
42
265
35
120
223
393
295
60
223
94
254
131
396
175
275
306
175
244
138
262
143
78
238
103
378
144
283
160
62
288
147
73
125
83
136
274
307
138
68
370
99
285
143
387
233
135
268
170
317
110
206
331
203
1
168
334
182
27
178
14
242
369
120
207
324
174
309
155
318
169
385
76
240
92
355
203
383
139
54
279
305
180
388
224
25
177
274
312
140
257
113
44
193
373
59
199
322
164
76
151
367
122
212
355
108
373
120
63
227
117
208
349
216
150
319
186
13
243
179
85
131
388
72
382
211
12
255
22
94
380
252
174
303
149
391
200
32
255
293
61
125
221
148
309
278
137
35
123
386
162
397
233
108
64
287
142
365
128
262
38
115
228
1
195
26
111
205
331
201
8
231
95
219
116
35
146
318
187
16
184
326
157
259
13
189
360
191
206
346
211
124
218
138
80
188
15
199
355
215
47
146
375
97
353
230
114
39
194
356
105
372
144
310
265
165
396
12
205
51
282
304
134
219
344
186
334
192
29
258
34
196
24
259
121
368
90
41
266
309
8
388
155
68
114
75
379
141
294
230
397
367
100
44
275
387
70
218
149
308
269
117
216
180
12
196
182
357
203
328
188
2
175
17
89
224
287
303
1
239
138
364
143
313
173
13
394
369
96
221
120
37
197
212
82
368
396
240
173
382
159
5
167
194
334
175
191
359
207
326
179
394
217
346
198
96
55
376
102
237
3
223
58
290
227
131
212
152
307
176
250
296
145
92
20
177
378
64
115
31
261
311
277
305
153
62
127
232
287
161
9
397
206
322
169
21
245
141
367
109
36
97
140
306
144
266
164
397
190
89
45
106
369
54
216
7
234
181
337
169
219
206
121
385
154
244
209
345
185
17
367
116
261
101
46
267
112
375
200
174
218
9
177
396
381
170
299
283
303
11
245
131
382
393
15
91
187
19
249
82
37
214
196
71
126
253
25
182
239
128
380
110
69
368
75
195
319
282
137
301
181
2
191
328
205
194
183
21
189
336
171
11
369
102
249
124
226
157
235
68
292
64
145
367
130
257
167
394
232
116
209
22
182
215
118
251
295
140
363
196
331
202
342
184
12
240
300
288
135
376
81
109
372
18
194
358
121
35
114
83
39
109
224
132
221
5
247
20
85
25
5
177
235
136
290
231
172
334
184
24
192
10
185
321
151
217
178
325
181
390
160
384
103
368
16
88
50
286
318
276
137
365
148
219
58
379
0
229
129
86
51
201
29
117
56
221
167
312
198
105
222
119
38
94
237
180
334
187
22
366
125
388
166
74
146
315
273
308
280
304
160
263
310
153
319
271
142
96
371
10
252
26
3
241
159
43
264
141
280
60
292
134
381
206
354
212
63
383
158
392
228
8
246
170
197
355
201
10
387
217
101
137
298
140
250
18
188
317
176
22
185
191
334
189
308
267
168
220
255
142
68
104
375
142
247
167
242
0
366
149
140
242
221
138
366
19
91
124
377
76
113
374
147
63
87
210
200
321
159
389
5
171
245
126
33
262
101
383
176
182
229
254
128
58
135
284
294
252
102
136
279
314
163
261
144
294
394
373
49
89
369
137
256
30
2
160
215
195
329
193
173
340
200
328
194
15
183
213
92
200
111
379
204
347
190
16
244
178
315
149
94
47
99
139
291
142
388
174
397
168
3
158
322
196
88
23
6
172
203
10
173
7
202
360
187
236
259
312
148
378
127
367
119
382
372
51
278
306
268
141
278
317
297
280
301
148
132
261
40
81
232
171
307
145
95
88
217
158
139
248
13
366
25
263
248
166
335
174
215
385
391
161
395
227
179
197
203
209
333
207
109
117
125
248
240
180
18
0
196
106
368
